0.001323 
0.000124 
0.000812 
0.000785 
0.001516 
0.000977 
0.000447 
0.001042 
0.000245 
0.000235 
0.000240 
0.000319 
0.000691 
0.001178 
0.000739 
0.000124 
0.043637 
0.000545 
0.000476 
0.001410 
0.001728 
0.000590 
0.000386 
0.001029 
0.000663 
0.000731 
0.001208 
0.001422 
0.000140 
0.000107 
0.000200 
0.001434 
0.001517 
0.001831 
0.000452 
0.000306 
0.000625 
0.002608 
0.000992 
0.001000 
0.001544 
0.001254 
0.000546 
0.000950 
0.001039 
0.001245 
0.001104 
0.000367 
0.001405 
0.003653 
0.001645 
0.000483 
0.000536 
0.001032 
0.000353 
0.001123 
0.000617 
0.000509 
0.001441 
0.000238 
0.000260 
0.000320 
0.001735 
0.000668 
0.000339 
0.000296 
0.000646 
0.001111 
0.003109 
0.000220 
0.001397 
0.001101 
0.000687 
0.003315 
0.000662 
0.002229 
0.000382 
0.001166 
0.000928 
0.000350 
0.003914 
0.000726 
0.001014 
0.001802 
0.001533 
0.001856 
0.000879 
0.001040 
0.001751 
0.000461 
0.000701 
0.001501 
0.001354 
0.001164 
0.000393 
0.001345 
0.000165 
0.044121 
0.000315 
0.000601 
